pair 6.0 2.88 0.0010 1.0000 -1.0000
pair 6.0 2.88 0.0100 1.0000 -1.0000
pair 6.0 2.88 0.0200 1.0000 -1.0000
pair 6.0 2.88 0.0350 1.0000 -1.0000
pair 6.0 2.88 0.0600 1.0000 -1.0000
pair 6.0 2.88 0.1000 1.0000 -1.0000
pair 6.0 2.88 0.2000 1.0000 -1.0000
pair 6.0 2.88 0.4000 1.0000 -1.0000
pair 6.0 4.08 0.0010 1.0000 -1.0000
pair 6.0 4.08 0.0100 1.0000 -1.0000
pair 6.0 4.08 0.0200 1.0000 -1.0000
pair 6.0 4.08 0.0350 1.0000 -1.0000
pair 6.0 4.08 0.0600 1.0000 -1.0000
pair 6.0 4.08 0.1000 1.0000 -1.0000
pair 6.0 4.08 0.2000 1.0000 -1.0000
pair 6.0 4.08 0.4000 1.0000 -1.0000
pair 6.0 5.77 0.0010 1.0000 -1.0000
pair 6.0 5.77 0.0100 1.0000 -1.0000
pair 6.0 5.77 0.0200 1.0000 -1.0000
pair 6.0 5.77 0.0350 1.0000 -1.0000
pair 6.0 5.77 0.0600 1.0000 -1.0000
pair 6.0 5.77 0.1000 1.0000 -1.0000
pair 6.0 5.77 0.2000 1.0000 -1.0000
pair 6.0 5.77 0.4000 1.0000 -1.0000