pair 6.0 0.0000 0.0010 1.0000 -1.0000
pair 6.0 0.0000 0.0100 1.0000 -1.0000
pair 6.0 0.0000 0.0200 1.0000 -1.0000
pair 6.0 0.0000 0.0350 1.0000 -1.0000
pair 6.0 0.0000 0.0600 1.0000 -1.0000
pair 6.0 0.0000 0.1000 1.0000 -1.0000
pair 6.0 0.0000 0.2000 1.0000 -1.0000
pair 6.0 0.0000 0.4000 1.0000 -1.0000
triplet 6.0 0.0000 0.0030 1.0000 -1.0000
triplet 6.0 0.0000 0.0030 1.0000 1.0000
triplet 6.0 0.0000 0.0030 2.0000 -1.0000
triplet 6.0 0.0000 0.0030 2.0000 1.0000
triplet 6.0 0.0000 0.0080 1.0000 -1.0000
triplet 6.0 0.0000 0.0080 1.0000 1.0000
triplet 6.0 0.0000 0.0080 2.0000 -1.0000
triplet 6.0 0.0000 0.0080 2.0000 1.0000
triplet 6.0 0.0000 0.0150 1.0000 -1.0000
triplet 6.0 0.0000 0.0150 1.0000 1.0000
triplet 6.0 0.0000 0.0150 2.0000 -1.0000
triplet 6.0 0.0000 0.0150 2.0000 1.0000
triplet 6.0 0.0000 0.0150 4.0000 -1.0000
triplet 6.0 0.0000 0.0150 4.0000 1.0000
triplet 6.0 0.0000 0.0150 16.000 -1.0000
triplet 6.0 0.0000 0.0150 16.000 1.0000
triplet 6.0 0.0000 0.0250 1.0000 -1.0000
triplet 6.0 0.0000 0.0250 1.0000 1.0000
triplet 6.0 0.0000 0.0250 2.0000 -1.0000
triplet 6.0 0.0000 0.0250 2.0000 1.0000
triplet 6.0 0.0000 0.0250 4.0000 -1.0000
triplet 6.0 0.0000 0.0250 4.0000 1.0000
triplet 6.0 0.0000 0.0250 16.000 -1.0000
triplet 6.0 0.0000 0.0250 16.000 1.0000
triplet 6.0 0.0000 0.0450 1.0000 -1.0000
triplet 6.0 0.0000 0.0450 1.0000 1.0000
triplet 6.0 0.0000 0.0450 2.0000 -1.0000
triplet 6.0 0.0000 0.0450 2.0000 1.0000
triplet 6.0 0.0000 0.0450 4.0000 -1.0000
triplet 6.0 0.0000 0.0450 4.0000 1.0000
triplet 6.0 0.0000 0.0450 16.000 -1.0000
triplet 6.0 0.0000 0.0450 16.000 1.0000
